bkSkyLayer
0
0
64
64
100
100
0
0
0
0.0
0.0
0
0
0.0
0.0

0
192
128
128
1
1
0
0
0
0.0
0.0
0
0
32.0
32.0

128
128
160
30
10
1
0
0
2
0.0
1.0
0
0
0.0
1554.0

64
0
128
64
1
10
320
256
390
0.24
0.2
0
32
0.0
0.0

192
64
64
64
1
10
384
256
390
0.275
0.2
0
32
300.0
32.0

64
0
128
64
1
10
320
256
390
0.25
0.2
0
24
224.0
96.0

256
64
128
64
1
10
320
128
390
0.35
0.2
0
24
380.0
160.0

256
64
128
64
1
10
320
256
390
0.3
0.2
0
24
336.0
160.0

192
0
128
64
1
10
320
144
390
0.4
0.3
0
24
340.0
64.0

320
0
64
64
1
10
384
256
390
0.5
0.4
0
24
224.0
120.0

128
64
64
64
1
10
384
256
390
0.6
0.4
0
24
122.0
88.0

128
160
160
30
10
1
0
0
2
0.0
1.0
0
0
-80.0
1570.0
