bkSkyLayer2
0
0
64
64
100
100
0
0
0
0.0
0.0
0
0
0.0
0.0

384
0
8
8
1
1
0
0
1024
0.0
0.0
4
200
448.0
100.0

384
0
8
8
1
1
0
0
1024
0.0
0.0
4
200
448.0
100.0

384
0
8
8
1
1
0
0
1024
0.0
0.0
4
200
448.0
100.0

384
0
8
8
1
1
0
0
1024
0.0
0.0
4
200
448.0
100.0

384
0
8
8
1
1
0
0
1024
0.0
0.0
4
200
448.0
100.0

384
0
8
8
1
1
0
0
1024
0.0
0.0
4
200
448.0
100.0

384
0
8
8
1
1
0
0
1024
0.0
0.0
4
200
448.0
100.0

384
0
8
8
1
1
0
0
1024
0.0
0.0
4
200
448.0
100.0

384
0
8
8
1
1
0
0
1024
0.0
0.0
4
200
448.0
100.0

384
0
8
8
1
1
0
0
1024
0.0
0.0
4
200
448.0
100.0

384
0
8
8
1
1
0
0
1024
0.0
0.0
4
200
448.0
100.0

384
0
8
8
1
1
0
0
1024
0.0
0.0
4
200
448.0
100.0

384
0
8
8
1
1
0
0
1024
0.0
0.0
4
200
448.0
100.0

384
0
8
8
1
1
0
0
1024
0.0
0.0
4
200
448.0
100.0

384
0
8
8
1
1
0
0
1024
0.0
0.0
4
200
448.0
100.0

384
0
8
8
1
1
0
0
1024
0.0
0.0
4
200
448.0
100.0

384
0
8
8
1
1
0
0
1024
0.0
0.0
4
200
448.0
100.0

384
0
8
8
1
1
0
0
1024
0.0
0.0
4
200
448.0
100.0

384
0
8
8
1
1
0
0
1024
0.0
0.0
4
200
448.0
100.0

384
0
8
8
1
1
0
0
1024
0.0
0.0
4
200
448.0
100.0

384
0
8
8
1
1
0
0
1024
0.0
0.0
4
200
448.0
100.0

384
0
8
8
1
1
0
0
1024
0.0
0.0
4
200
448.0
100.0

384
0
8
8
1
1
0
0
1024
0.0
0.0
4
200
448.0
100.0

384
0
8
8
1
1
0
0
1024
0.0
0.0
4
200
448.0
100.0

384
0
8
8
1
1
0
0
1024
0.0
0.0
4
200
448.0
100.0

384
0
8
8
1
1
0
0
1024
0.0
0.0
4
200
448.0
100.0

384
0
8
8
1
1
0
0
1024
0.0
0.0
4
200
448.0
100.0

384
0
8
8
1
1
0
0
1024
0.0
0.0
4
200
448.0
100.0

384
0
8
8
1
1
0
0
1024
0.0
0.0
4
200
448.0
100.0

384
0
8
8
1
1
0
0
1024
0.0
0.0
4
200
448.0
100.0

384
0
8
8
1
1
0
0
1024
0.0
0.0
4
200
448.0
100.0

384
0
8
8
1
1
0
0
1024
0.0
0.0
4
200
448.0
100.0

384
0
8
8
1
1
0
0
1024
0.0
0.0
4
200
448.0
100.0

384
0
8
8
1
1
0
0
1024
0.0
0.0
4
200
448.0
100.0

384
0
8
8
1
1
0
0
1024
0.0
0.0
4
200
448.0
100.0

384
0
8
8
1
1
0
0
1024
0.0
0.0
4
200
448.0
100.0

384
0
8
8
1
1
0
0
1024
0.0
0.0
4
200
448.0
100.0

384
0
8
8
1
1
0
0
1024
0.0
0.0
4
200
448.0
100.0

384
0
8
8
1
1
0
0
1024
0.0
0.0
4
200
448.0
100.0

384
0
8
8
1
1
0
0
1024
0.0
0.0
4
200
448.0
100.0

384
0
8
8
1
1
0
0
1024
0.0
0.0
4
200
448.0
100.0

384
0
8
8
1
1
0
0
1024
0.0
0.0
4
200
448.0
100.0

384
0
8
8
1
1
0
0
1024
0.0
0.0
4
200
448.0
100.0

384
0
8
8
1
1
0
0
1024
0.0
0.0
4
200
448.0
100.0

384
0
8
8
1
1
0
0
1024
0.0
0.0
4
200
448.0
100.0

384
0
8
8
1
1
0
0
1024
0.0
0.0
4
200
448.0
100.0

384
0
8
8
1
1
0
0
1024
0.0
0.0
4
200
448.0
100.0

384
0
8
8
1
1
0
0
1024
0.0
0.0
4
200
448.0
100.0

384
0
8
8
1
1
0
0
1024
0.0
0.0
4
200
448.0
100.0

384
0
8
8
1
1
0
0
1024
0.0
0.0
4
200
448.0
100.0

384
0
8
8
1
1
0
0
1024
0.0
0.0
4
200
448.0
100.0

384
0
8
8
1
1
0
0
1024
0.0
0.0
4
200
448.0
100.0

384
0
8
8
1
1
0
0
1024
0.0
0.0
4
200
448.0
100.0

384
0
8
8
1
1
0
0
1024
0.0
0.0
4
200
448.0
100.0

384
0
8
8
1
1
0
0
1024
0.0
0.0
4
200
448.0
100.0

384
0
8
8
1
1
0
0
1024
0.0
0.0
4
200
448.0
100.0

384
0
8
8
1
1
0
0
1024
0.0
0.0
4
200
448.0
100.0

384
0
8
8
1
1
0
0
1024
0.0
0.0
4
200
448.0
100.0

384
0
8
8
1
1
0
0
1024
0.0
0.0
4
200
448.0
100.0

384
0
8
8
1
1
0
0
1024
0.0
0.0
4
200
448.0
100.0

384
0
8
8
1
1
0
0
1024
0.0
0.0
4
200
448.0
100.0

384
0
8
8
1
1
0
0
1024
0.0
0.0
4
200
448.0
100.0

384
0
8
8
1
1
0
0
1024
0.0
0.0
4
200
448.0
100.0

384
0
8
8
1
1
0
0
1024
0.0
0.0
4
200
448.0
100.0

384
0
8
8
1
1
0
0
1024
0.0
0.0
4
200
448.0
100.0

384
0
8
8
1
1
0
0
1024
0.0
0.0
4
200
448.0
100.0

384
0
8
8
1
1
0
0
1024
0.0
0.0
4
200
448.0
100.0

384
0
8
8
1
1
0
0
1024
0.0
0.0
4
200
448.0
100.0

384
0
8
8
1
1
0
0
1024
0.0
0.0
4
200
448.0
100.0

384
0
8
8
1
1
0
0
1024
0.0
0.0
4
200
448.0
100.0

384
0
8
8
1
1
0
0
1024
0.0
0.0
4
200
448.0
100.0

384
0
8
8
1
1
0
0
1024
0.0
0.0
4
200
448.0
100.0

384
0
8
8
1
1
0
0
1024
0.0
0.0
4
200
448.0
100.0

384
0
8
8
1
1
0
0
1024
0.0
0.0
4
200
448.0
100.0

384
0
8
8
1
1
0
0
1024
0.0
0.0
4
200
448.0
100.0

384
0
8
8
1
1
0
0
1024
0.0
0.0
4
200
448.0
100.0

384
0
8
8
1
1
0
0
1024
0.0
0.0
4
200
448.0
100.0

384
0
8
8
1
1
0
0
1024
0.0
0.0
4
200
448.0
100.0

384
0
8
8
1
1
0
0
1024
0.0
0.0
4
200
448.0
100.0

384
0
8
8
1
1
0
0
1024
0.0
0.0
4
200
448.0
100.0

384
0
8
8
1
1
0
0
1024
0.0
0.0
4
200
448.0
100.0

384
0
8
8
1
1
0
0
1024
0.0
0.0
4
200
448.0
100.0

384
0
8
8
1
1
0
0
1024
0.0
0.0
4
200
448.0
100.0

384
0
8
8
1
1
0
0
1024
0.0
0.0
4
200
448.0
100.0

384
0
8
8
1
1
0
0
1024
0.0
0.0
4
200
448.0
100.0

384
0
8
8
1
1
0
0
1024
0.0
0.0
4
200
448.0
100.0

384
0
8
8
1
1
0
0
1024
0.0
0.0
4
200
448.0
100.0

384
0
8
8
1
1
0
0
1024
0.0
0.0
4
200
448.0
100.0

384
0
8
8
1
1
0
0
1024
0.0
0.0
4
200
448.0
100.0

384
0
8
8
1
1
0
0
1024
0.0
0.0
4
200
448.0
100.0

384
0
8
8
1
1
0
0
1024
0.0
0.0
4
200
448.0
100.0

384
0
8
8
1
1
0
0
1024
0.0
0.0
4
200
448.0
100.0

384
0
8
8
1
1
0
0
1024
0.0
0.0
4
200
448.0
100.0

384
0
8
8
1
1
0
0
1024
0.0
0.0
4
200
448.0
100.0

384
0
8
8
1
1
0
0
1024
0.0
0.0
4
200
448.0
100.0

384
0
8
8
1
1
0
0
1024
0.0
0.0
4
200
448.0
100.0

384
0
8
8
1
1
0
0
1024
0.0
0.0
4
200
448.0
100.0

384
0
8
8
1
1
0
0
1024
0.0
0.0
4
200
448.0
100.0

384
0
8
8
1
1
0
0
1024
0.0
0.0
4
200
448.0
100.0

384
0
8
8
1
1
0
0
1024
0.0
0.0
4
200
448.0
100.0

384
0
8
8
1
1
0
0
1024
0.0
0.0
4
200
448.0
100.0

384
0
8
8
1
1
0
0
1024
0.0
0.0
4
200
448.0
100.0

384
0
8
8
1
1
0
0
1024
0.0
0.0
4
200
448.0
100.0

384
0
8
8
1
1
0
0
1024
0.0
0.0
4
200
448.0
100.0

384
0
8
8
1
1
0
0
1024
0.0
0.0
4
200
448.0
100.0

384
0
8
8
1
1
0
0
1024
0.0
0.0
4
200
448.0
100.0

384
0
8
8
1
1
0
0
1024
0.0
0.0
4
200
448.0
100.0

0
192
128
128
1
1
0
0
0
0.0
0.0
0
0
32.0
32.0

0
480
512
128
10
1
0
0
3
0.05
0.075
0
0
0.0
86.0

128
128
160
32
10
1
0
0
3
0.125
0.1
0
0
0.0
143.0

128
160
160
128
10
20
0
0
3
0.15
0.125
0
0
-80.0
158.0

0
288
320
64
10
1
0
0
3
0.35
0.15
0
0
-80.0
198.0

0
352
320
128
10
1
0
0
3
0.45
0.1
0
0
-80.0
170.0